    3.5512   15.6455
   39.5512   15.6455
   75.5512   15.6455
  111.5512   15.6455
  147.5512   15.6455
  183.5512   15.6455
  219.5512   15.6455
  255.5512   15.6455
  291.5512   15.6455
  327.5512   15.6455
   21.5512   46.8224
   57.5512   46.8224
   93.5512   46.8224
  129.5512   46.8224
  165.5512   46.8224
  201.5512   46.8224
  237.5512   46.8224
  273.5512   46.8224
  309.5512   46.8224
  345.5512   46.8224
    3.5512   77.9993
   39.5512   77.9993
   75.5512   77.9993
  111.5512   77.9993
  147.5512   77.9993
  183.5512   77.9993
  219.5512   77.9993
  255.5512   77.9993
  291.5512   77.9993
  327.5512   77.9993